num crossings	time (s)	maj axis (mm)	min axis (mm)	theta (rad )	slope (V/s)
7323	8851.855921	117.838741	-3.735337	3.647340	33.837253
7325	8853.929899	117.733589	-3.955041	3.647187	33.443375
7327	8856.003737	116.220842	-4.606142	3.650609	34.337445
7329	8858.076623	116.721032	-4.775416	3.648686	33.255475
7331	8860.147374	115.803182	-4.994493	3.638878	34.330843
7333	8862.218516	116.917635	-4.571980	3.636814	32.910415
7335	8864.290957	115.986849	-4.942918	3.633414	32.814229
7337	8866.364018	116.253970	-4.527863	3.635855	32.982231
7339	8868.437120	117.317256	-3.829098	3.638690	33.012247
7341	8870.511111	114.285744	-5.393989	3.635406	32.133247
7343	8872.583996	114.972558	-5.321374	3.636875	32.834442
7345	8874.656718	114.841887	-5.468233	3.635913	31.374528
7347	8876.729712	114.678597	-5.566476	3.631927	32.638832
7349	8878.802123	113.836224	-5.723512	3.630775	32.041788
7351	8880.874581	114.286601	-5.642666	3.629276	31.752631
7353	8882.946324	114.411539	-5.661035	3.626693	32.179121
7355	8885.017939	114.142083	-5.887000	3.626345	32.497314
7357	8887.089467	114.247247	-5.887558	3.620237	31.224457
7359	8889.161307	114.309923	-5.725803	3.617111	32.438032
7361	8891.232912	113.107549	-6.362943	3.618025	32.071684
7363	8893.306388	112.907426	-6.467347	3.616607	32.332194
7365	8895.380353	113.497593	-6.179648	3.616671	32.098817
7367	8897.454519	113.641317	-6.270253	3.614051	31.260561
7369	8899.526947	112.472537	-6.720048	3.613352	31.315292
7371	8901.598478	112.571787	-6.724672	3.609759	31.772586
7373	8903.669680	113.343866	-6.402473	3.611155	31.652612
7375	8905.740776	112.473491	-6.837588	3.606754	31.949566
7377	8907.813205	112.168797	-7.175946	3.605976	32.043396
7379	8909.886919	112.239142	-6.939098	3.603480	31.310416
7381	8911.960250	111.424627	-7.384623	3.598093	30.924935
7383	8914.033254	111.708796	-7.300449	3.595981	30.274579
7385	8916.106370	111.483144	-7.444621	3.595702	31.747511
7387	8918.179348	111.564034	-7.442819	3.598263	30.478029
7389	8920.251681	110.878455	-7.743856	3.593648	29.698113
7391	8922.323929	110.910134	-7.715960	3.591082	30.817818
7393	8924.395796	111.376691	-7.588387	3.588986	29.933443
7395	8926.467690	110.594894	-7.968190	3.586243	30.000280
7397	8928.539293	110.964537	-7.975864	3.584030	30.578774
7399	8930.610697	110.374473	-8.185575	3.580281	30.559560
7401	8932.683162	110.409645	-8.189870	3.579001	30.794977
7403	8934.756414	108.915645	-8.569768	3.572721	30.664790
7405	8936.829795	109.518111	-8.321757	3.577206	30.665724
7407	8938.904097	109.444328	-8.581993	3.578711	29.001554
7409	8940.976861	108.929749	-8.827686	3.579328	29.458618
7411	8943.049152	109.676965	-8.835335	3.572662	31.248708
7413	8945.120535	108.981256	-9.072173	3.564520	29.505284
7415	8947.191530	108.999763	-9.152925	3.564148	29.178432
7417	8949.262938	108.793859	-9.074548	3.555916	29.596476
7419	8951.335602	108.664860	-9.106215	3.556125	29.499072
7421	8953.408164	108.226249	-9.316500	3.554918	29.291879
7423	8955.481140	108.549606	-9.150518	3.554720	28.577546
7425	8957.553748	108.197112	-9.237719	3.549877	28.964838
7427	8959.626521	107.713341	-9.504085	3.550165	29.100041
7429	8961.699028	107.796717	-9.438380	3.547694	29.332399
7431	8963.770907	107.496445	-9.639930	3.544970	28.060152
7433	8965.843357	107.912164	-9.603995	3.544246	29.978925
7435	8967.915476	107.220042	-9.811844	3.538297	28.061321
7437	8969.987441	107.084396	-10.112421	3.537500	28.448972
7439	8972.059365	107.240166	-10.011480	3.535872	28.040718
7441	8974.132608	106.944749	-10.051063	3.533292	27.698806
7443	8976.205731	106.501181	-10.318651	3.529858	28.882755
7445	8978.279736	107.484010	-9.819239	3.532494	27.696806
7447	8980.352951	106.577028	-10.258365	3.526132	28.743128
7449	8982.425566	106.157524	-10.310120	3.526786	27.708661
7451	8984.497467	106.164054	-10.166778	3.526477	29.557546
7453	8986.568505	105.477783	-10.696874	3.520618	28.009405
7455	8988.639387	105.841729	-10.687467	3.513395	28.162339
7457	8990.711241	105.702766	-10.614464	3.514163	27.376153
7459	8992.783475	105.521277	-10.832427	3.512377	27.123942
7461	8994.855933	105.104115	-10.870120	3.508674	27.688732
7463	8996.928772	105.312295	-10.974505	3.506548	28.743519
7465	8999.001413	105.552535	-10.881517	3.505268	26.167376
7467	9001.074544	103.951018	-11.511981	3.499318	26.854862
7469	9003.146889	104.800819	-10.986698	3.497243	27.378077
7471	9005.219144	104.422305	-11.403568	3.495727	26.392826
7473	9007.291108	104.126333	-11.634910	3.492001	26.730923
7475	9009.363349	104.137428	-11.334445	3.490179	26.621093
7477	9011.435333	103.506257	-11.697340	3.484662	26.702378
7479	9013.507143	103.924232	-11.399363	3.486607	26.357191
7481	9015.580110	103.682061	-11.635095	3.480767	27.081044
7483	9017.653293	103.402054	-11.598360	3.478024	28.012365
7485	9019.726952	103.153544	-11.705117	3.478759	27.042589
7487	9021.800348	102.703946	-11.928931	3.478304	26.166550
7489	9023.873127	102.694766	-12.091884	3.477690	26.596528
7491	9025.945616	102.691200	-12.258960	3.472490	25.506463
7493	9028.017516	103.390834	-11.813957	3.470788	26.320439
7495	9030.088853	102.148520	-12.365482	3.461091	26.388690
7497	9032.159673	102.321188	-12.331182	3.458938	25.297166
7499	9034.231519	102.036385	-12.504832	3.454326	25.535121
7501	9036.303734	102.233109	-12.454286	3.452740	25.363759
7503	9038.375626	101.649196	-12.874893	3.447032	24.789880
7505	9040.447853	102.282106	-12.417852	3.445843	24.614431
7507	9042.520301	101.515163	-12.900515	3.444145	25.558540
7509	9044.592574	101.473452	-12.714084	3.440077	24.471047
7511	9046.665118	101.565898	-12.683811	3.440776	24.923367
7513	9048.737462	101.310239	-12.861821	3.436727	24.682114
7515	9050.809371	101.196814	-12.769049	3.435239	23.909627
7517	9052.882347	101.028156	-12.946539	3.431480	24.440199
7519	9054.955850	100.815219	-13.096217	3.429874	25.380662
7521	9057.028733	100.595505	-12.999254	3.426849	24.674320
7523	9059.102045	99.944861	-13.227450	3.422564	23.470804
7525	9061.175566	100.168335	-13.195413	3.422267	24.041811
7527	9063.248253	99.966648	-13.332980	3.420299	24.627179
7529	9065.320036	99.833137	-13.403030	3.419168	23.408569
7531	9067.392028	99.363655	-13.540574	3.413643	23.796238
7533	9069.463271	99.958617	-13.318832	3.412658	24.882309
7535	9071.534482	98.743116	-13.529492	3.403966	23.488530
7537	9073.605507	99.521751	-13.564026	3.404504	24.404324
7539	9075.677528	99.197298	-13.647285	3.401374	23.880853
7541	9077.749712	98.835874	-13.746388	3.397683	23.205250
7543	9079.822186	98.912609	-13.624712	3.394037	22.362018
7545	9081.894570	98.719398	-13.823522	3.391013	22.917975
7547	9083.966489	98.824108	-13.723065	3.388991	23.240649
7549	9086.039067	98.530283	-13.916193	3.386028	23.167549
7551	9088.111279	98.274642	-13.932682	3.380755	23.425803
7553	9090.183618	97.576544	-14.057276	3.377850	22.816842
7555	9092.255969	98.289370	-13.913611	3.376111	22.308967
7557	9094.328275	98.194081	-13.774303	3.377625	22.733057
7559	9096.401107	97.790142	-14.098379	3.370257	22.872953
7561	9098.473686	97.832270	-14.079276	3.368305	22.099494
7563	9100.546846	98.189418	-13.657213	3.368850	22.603472
7565	9102.619750	96.820846	-14.216163	3.364578	22.665307
7567	9104.693280	96.534192	-14.355668	3.365991	22.976387
7569	9106.766249	96.939366	-14.300870	3.363936	22.579273
7571	9108.838482	96.840195	-14.353439	3.360696	22.476940
7573	9110.911019	96.648345	-14.395886	3.354955	21.925234
7575	9112.982771	96.673817	-14.596139	3.355683	22.255933
7577	9115.054431	96.515938	-14.511023	3.344644	21.882654
7579	9117.125672	96.200473	-14.542026	3.342505	21.840432
7581	9119.197578	96.222619	-14.518740	3.340631	21.464921
7583	9121.269287	95.972834	-14.570682	3.336362	21.569464
7585	9123.341149	95.780643	-14.861487	3.333790	21.090700
7587	9125.413420	96.155856	-14.613973	3.330545	21.818538
7589	9127.485509	95.438745	-14.847834	3.325450	21.179957
7591	9129.557917	95.865992	-14.740428	3.322446	21.006496
7593	9131.630322	95.345339	-14.843579	3.319009	20.812103
7595	9133.703070	95.062254	-14.899587	3.317651	21.091833
7597	9135.775418	95.155425	-14.926813	3.314646	21.336112
7599	9137.848987	95.010499	-14.960286	3.311083	20.432925
7601	9139.921568	94.530134	-15.032241	3.309977	20.425129
7603	9141.994997	94.745341	-15.015191	3.307370	21.547595
7605	9144.067619	94.690871	-15.100777	3.307127	21.167242
7607	9146.139744	94.272279	-15.237019	3.302558	20.858089
7609	9148.212050	94.216810	-15.189358	3.302468	20.411354
7611	9150.282742	93.584103	-15.307576	3.295347	20.547555
7613	9152.354649	93.334185	-15.262834	3.290701	21.080299
7615	9154.426104	97.615317	-21.318719	3.271904	20.734173
7617	9156.497478	93.825847	-15.265292	3.285915	21.105790
7619	9158.569098	93.278357	-15.324984	3.281761	20.436502
7621	9160.641137	92.895541	-15.392159	3.276739	20.171710
7623	9162.713294	93.037853	-15.305319	3.277591	20.150965
7625	9164.785114	93.628592	-15.036381	3.275340	20.264063
7627	9166.857613	93.081952	-15.327807	3.270628	20.029420
7629	9168.930028	92.804482	-15.475681	3.266126	21.015114
7631	9171.002232	92.739083	-15.575128	3.263326	21.011660
7633	9173.074478	92.783657	-15.460567	3.259265	20.636848
7635	9175.146591	92.146619	-15.497265	3.257096	19.219121
7637	9177.219032	92.419577	-15.371041	3.255413	19.269036
7639	9179.292098	92.524235	-15.375668	3.252940	19.492379
7641	9181.364479	92.047034	-15.423901	3.251119	20.384603
7643	9183.437755	91.284508	-15.779224	3.245629	19.220840
7645	9185.510900	91.654081	-15.518831	3.247763	19.493969
7647	9187.583915	91.291533	-15.682319	3.245678	19.418193
7649	9189.656386	91.137039	-15.749374	3.242559	19.202702
7651	9191.728876	91.215367	-15.868842	3.238176	19.438084
7653	9193.800978	91.209076	-15.866156	3.235971	18.345909
7655	9195.872954	90.866801	-15.903552	3.229136	18.901887
7657	9197.944678	91.052228	-15.831792	3.225667	18.536114
7659	9200.016640	90.918963	-15.906180	3.221437	18.883448
7661	9202.088018	90.919006	-15.929033	3.218484	18.279367
7663	9204.160252	90.362773	-15.996912	3.213356	18.901382
7665	9206.232327	90.244396	-15.987413	3.210657	18.816137
7667	9208.304465	90.161202	-16.128410	3.207072	18.026690
7669	9210.376801	90.932112	-15.800102	3.205717	18.048814
7671	9212.449308	90.714884	-15.831389	3.203302	18.530351
